date,states,positive,negative,pending,hospitalizedCurrently,hospitalizedCumulative,inIcuCurrently,inIcuCumulative,onVentilatorCurrently,onVentilatorCumulative,recovered,hash,dateChecked,death,hospitalized,total,totalTestResults,posNeg,fips,deathIncrease,hospitalizedIncrease,negativeIncrease,positiveIncrease,totalTestResultsIncrease
20200513,56,1382304,8592018,1983,44514,149347,11445,6713,6419,572,243430,85637ce70fc3275d22aa2b8794fd4af302b29f8e,2020-05-13T20:00:00Z,78343,149347,9976305,9974322,9974322,,1726,6486,314793,21599,336392
20200512,56,1360705,8277225,1803,45199,142861,11708,5595,6615,559,230287,b264381dd660a64207174a8f1992f21b68eb1b09,2020-05-12T20:00:00Z,76617,142861,9639733,9637930,9637930,,1510,-3120,269179,20293,289472
20200511,56,1340412,8008046,1989,44191,145981,11147,6488,6350,551,232733,0046d89f39f6807e493544153c0907b7e01ca099,2020-05-11T20:00:00Z,75107,145981,9350447,9348458,9348458,,837,1201,370691,17605,388296
20200510,56,1322807,7637355,3095,44943,144780,11393,6445,6395,547,216169,cb949ff49d34fc9e9ccca9b3956c3a24123c24c5,2020-05-10T20:00:00Z,74270,144780,8963257,8960162,8960162,,979,-2432,251950,21712,273662
20200509,56,1301095,7385405,3054,46637,147212,11496,6367,6551,543,212534,7039133f5ae07eddfcf77f951d752c8dadada150,2020-05-09T20:00:00Z,73291,147212,8689554,8686500,8686500,,1529,5175,271315,25179,296494
20200508,56,1275916,7114090,3307,47718,142037,11780,6294,6788,531,198993,560ba086e56c8f360ab186871ca7b495558c031e,2020-05-08T20:00:00Z,71762,142037,8393313,8390006,8390006,,1760,6861,271366,27779,299145
20200507,56,1248137,6842724,3171,49130,135176,12137,5174,7070,529,195036,86e68b606c59a476216bc13b3933fae3fc18c097,2020-05-07T20:00:00Z,70002,135176,8094032,8090861,8090861,,2746,3699,276488,27580,304068
20200506,56,1220557,6566236,2742,50227,131477,9380,4911,4753,449,189910,13daa0f7a8abe044ce38d1e2b324aa06735f562c,2020-05-06T20:00:00Z,67256,131477,7789535,7786793,7786793,,1949,2120,217513,24952,242465
20200505,56,1195605,6348723,2633,50906,129357,9348,4794,4818,439,189791,def2b609d6cbd1e813b6ed8b9f95f4a53282cbc9,2020-05-05T20:00:00Z,65307,129357,7546961,7544328,7544328,,2527,1960,236802,22152,258954
20200504,56,1173453,6111921,2791,50062,127397,9366,4579,4848,430,187180,6d14d06d8a150aadcb85d462fd85fea99e306545,2020-05-04T20:00:00Z,62780,127397,7288165,7285374,7285374,,912,1601,210561,21447,232008
20200503,56,1152006,5901360,2812,50312,125796,9292,4502,4761,425,180152,38ee777bc4004a8cd411ebf9d64a06a9c2a53df8,2020-05-03T20:00:00Z,61868,125796,7056178,7053366,7053366,,1158,1936,221838,26287,248125
20200502,56,1125719,5679522,1578,51734,123860,9403,4386,4845,375,175382,90a5d8248b8ba1ec2dce8f7d9fe4269407f33647,2020-05-02T20:00:00Z,60710,123860,6806819,6805241,6805241,,1651,2112,222601,30038,252639
20200501,56,1095681,5456921,1639,52370,121748,9205,4300,4707,376,164015,2760309ea0e474a2155be92610d4a8bc4dba6141,2020-05-01T20:00:00Z,59059,121748,6554241,6552602,6552602,,1739,9761,263655,33178,296833
20200430,56,1062503,5193266,2775,53793,111987,9486,4192,4712,373,154991,4745f0f6879442e892d24ea89c358d84202d6858,2020-04-30T20:00:00Z,57320,111987,6258544,6255769,6255769,,2138,2297,200253,29346,229599
20200429,56,1033157,4993013,4832,54930,109690,9612,4093,4796,365,147484,a9ee1d4bde4d6ab52ad2df166f94c3e736368ac6,2020-04-29T20:00:00Z,55182,109690,6031002,6026170,6026170,,2700,3382,202877,27020,229897
20200428,56,1006137,4790136,4206,54940,106308,9491,3798,4760,195,139342,8c6e9b30fdcb86e2ee0bb14619c95eb661fd62d5,2020-04-28T20:00:00Z,52482,106308,5800479,5796273,5796273,,2128,2059,177775,25003,202778
20200427,56,981134,4612361,4077,54971,104249,9655,3720,4867,195,121609,8477ca0d861007c1ef7b9f60919663fbaf0c4deb,2020-04-27T20:00:00Z,50354,104249,5597572,5593495,5593495,,1190,3016,168567,20791,189358
20200426,56,960343,4443794,4445,55050,101233,14831,2571,5121,227,116801,3f92e24f5061ec338e11c74f0e06ad6978c5b9a6,2020-04-26T20:00:00Z,49164,101233,5408582,5404137,5404137,,1095,2134,179387,27033,206420
20200425,56,933310,4264407,5315,56344,99099,15020,2516,5266,227,112783,134a1fb65dc5bb80dc4d8595f1dc509bb396a83e,2020-04-25T20:00:00Z,48069,99099,5203032,5197717,5197717,,1818,2422,240924,35991,276915
20200424,56,897319,4023483,4396,56075,96677,15078,2468,5187,227,101517,80931c0dee6eae668b7e12e64badc34bc3a5bd0e,2020-04-24T20:00:00Z,46251,96677,4925198,4920802,4920802,,1842,3226,197905,34196,232101
20200423,56,863123,3825578,4258,57889,93451,15163,2428,5464,227,97121,cf3a6f7dd5f08e5ec7e945cfe58a951e8405d110,2020-04-23T20:00:00Z,44409,93451,4692959,4688701,4688701,,1814,2707,160633,31749,192382
20200422,56,831374,3664945,4191,58130,90744,15341,2370,5474,227,93157,e81fe1ea01d57ee8ec028a5f443249ca0f575eca,2020-04-22T20:00:00Z,42595,90744,4500510,4496319,4496319,,2041,2922,286289,28602,314891
20200421,56,802772,3378656,3956,58579,87822,15228,2315,5514,214,73002,27b932f05f1cf2d643fbe5cb69d5d631370856df,2020-04-21T20:00:00Z,40554,87822,4185384,4181428,4181428,,2555,2688,122168,25942,148110
20200420,56,776830,3256488,4037,55677,85134,14691,2193,5567,214,69636,4afb0d185e2a9c6ebcb2b98528cab5a0eed8618e,2020-04-20T20:00:00Z,37999,85134,4037355,4033318,4033318,,1699,2104,122548,25184,147732
20200419,56,751646,3133940,11324,55570,83030,14548,2145,5603,214,67339,a68f4c26b51030440a28b88a71f425c43038362c,2020-04-19T20:00:00Z,36300,83030,3896910,3885586,3885586,,1659,2130,132791,27599,160390
20200418,56,724047,3001149,9906,56591,80900,14788,2096,5729,205,62961,10f17f62a7ea6e5951eca11c400777ca40ca6448,2020-04-18T20:00:00Z,34641,80900,3735102,3725196,3725196,,1787,3445,114300,28037,142337
20200417,56,696010,2886849,10889,57808,77455,14910,2052,6096,148,53644,046e159fabd06e3c84e2c21ef379d870916d07ee,2020-04-17T20:00:00Z,32854,77455,3593748,3582859,3582859,,2065,3279,126288,31881,158169
20200416,56,664129,2760561,16927,58625,74176,15150,1834,5940,137,48945,f067054871a53d0570736bfa692a3648293ee5ce,2020-04-16T20:00:00Z,30789,74176,3441617,3424690,3424690,,2161,2938,131109,31017,162126
20200415,56,633112,2629452,16901,59260,71238,14667,1783,6032,223,43522,1ddefbf75a9b095a0d7ba49fa02992e74f83f711,2020-04-15T20:00:00Z,28628,71238,3279465,3262564,3262564,,2562,4330,106389,30317,136706
20200414,56,602795,2523063,16615,58719,66908,14039,1715,5975,221,39347,848bcd48322fa485c7b2fa7109c01525011bf4a6,2020-04-14T20:00:00Z,26066,66908,3142473,3125858,3125858,,2312,3165,124623,25920,150543
20200413,56,576875,2398440,17159,55295,63743,13632,1628,6168,210,35442,2ab88f089f437686ef2919034e0cf08094a42617,2020-04-13T20:00:00Z,23754,63743,2992474,2975315,2975315,,1517,2263,108024,24969,132993
20200412,56,551906,2290416,16419,54749,61480,13623,1455,5986,160,34151,ed569da790839510649c0d0ebfe6b92607d357e2,2020-04-12T20:00:00Z,22237,61480,2858741,2842322,2842322,,1551,2544,112549,28013,140562
20200411,56,523893,2177867,16593,54757,58936,13280,1405,5978,154,31631,d8560ac7426248220cffedad69d3cc15182a1168,2020-04-11T20:00:00Z,20686,58936,2718353,2701760,2701760,,1935,2115,108666,31045,139711
20200410,56,492848,2069201,17435,51745,56821,12698,1185,5937,41,29054,29e3a3ac8115c5ceee59b80572aa7bfff329e358,2020-04-10T20:00:00Z,18751,56821,2579484,2562049,2562049,,2092,4215,123199,34588,157787
20200409,56,458260,1946002,17622,49826,52606,12254,924,5794,39,24869,235f0e5ea65e5d5f44ecac0b120d4cfc1a648f13,2020-04-09T20:00:00Z,16659,52606,2421884,2404262,2404262,,1922,3153,131618,34215,165833
20200408,56,424045,1814384,17219,44063,49453,9932,1013,4131,216,21141,2eaad2ba7089a557ca4101f226f509eb46cf474c,2020-04-08T20:00:00Z,14737,49453,2255648,2238429,2238429,,1896,3557,114262,30171,144433
20200407,56,393874,1700122,16548,42294,45896,9875,889,4076,151,18477,df8d6fc8ddaef8d88e10713a8d639f967d191226,2020-04-07T20:00:00Z,12841,45896,2110544,2093996,2093996,,1904,2272,122336,30409,152745
20200406,56,363465,1577786,17283,34663,43624,6943,814,2961,147,16584,21b890c750c62651a9b588c570e390574503dd33,2020-04-06T20:00:00Z,10937,43624,1958534,1941251,1941251,,1223,2914,121983,28747,150730
20200405,56,334718,1455803,17303,30905,40710,5677,760,652,147,14542,20aa5185cfeeb765454486ba1db7d5ba708b8617,2020-04-05T20:00:00Z,9714,40710,1807824,1790521,1790521,,1227,2741,93693,25966,119659
20200404,56,308752,1362110,15569,29095,37969,5383,554,656,147,12840,1ea434dd3fcd267c992b7e9ff65801a4a1adf465,2020-04-04T20:00:00Z,8487,37969,1686431,1670862,1670862,,1375,4468,195279,33518,228797
20200403,56,275234,1166831,61976,24564,33501,4811,486,605,147,10861,1c3ac1e94118f31e4ae9484cd2a88276ab138397,2020-04-03T20:00:00Z,7112,33501,1504041,1442065,1442065,,1188,3958,100233,31999,132232
20200402,56,243235,1066598,62097,21833,29543,4410,456,574,140,8586,e913732681c2d21a87840c64e58135adbd574f3d,2020-04-02T20:00:00Z,5924,29543,1371930,1309833,1309833,,1101,3733,89965,28058,118023
20200401,56,215177,976633,59665,19982,25810,3937,407,561,140,7084,38b021734423e98eb07afdac192f5c7edb5bdd61,2020-04-01T20:00:00Z,4823,25810,1251475,1191810,1191810,,946,3800,82403,25179,107582
20200331,56,189998,894230,59518,17856,22010,3487,236,507,,5666,2c105e7e82a1fee92449849a1f1a85d0e873cb4c,2020-03-31T20:00:00Z,3877,22010,1143746,1084228,1084228,,817,3526,86617,24477,111094
20200330,56,165521,807613,65369,15574,18484,3087,187,451,,4560,fad69c0e0e641bc3f31f81981edd82107005e051,2020-03-30T20:00:00Z,3060,18484,1038503,973134,973134,,533,2248,96226,21224,117450
20200329,56,144297,711387,65545,13833,16236,2456,156,439,,4061,c489fb6eb96555931d4452c279bf734f2f565a4f,2020-03-29T20:00:00Z,2527,16236,921229,855684,855684,,489,2514,69298,19482,88780
20200328,56,124815,642089,65709,12179,13722,2174,140,390,,3148,66435bd75a6d5f0684033e81e36a3c6d8e9de89f,2020-03-28T20:00:00Z,2038,13722,832613,766904,766904,,434,2188,85013,19353,104366
20200327,56,105462,557076,60091,10789,11534,1792,124,324,,2422,75a9c42ff7722d3c9b9a89d3536b02981307de73,2020-03-27T20:00:00Z,1604,11534,722629,662538,662538,,373,2394,84397,18673,103070
20200326,56,86789,472679,60251,7617,9140,1299,91,258,,97,1187363d079303edf3753e25a15c495fbbf5e20e,2020-03-26T20:00:00Z,1231,9140,619719,559468,559468,,278,3704,83148,17316,100464
20200325,56,69473,389531,51235,4971,5436,,74,167,,147,311a4cbdb0bd99b1f549386c88dbcf622a9a7a31,2020-03-25T20:00:00Z,953,5436,510239,459004,459004,,228,1345,71193,12294,83487
20200324,56,57179,318338,14433,3828,4091,,,,,,43c6f1f02143f4ca0141fdfa133d35c91712e898,2020-03-24T20:00:00Z,725,4091,389950,375517,375517,,204,833,58447,10166,68613
20200323,56,47013,259891,14571,2770,3258,,,,,,3b784484c4c3f0d7669b830efff806a0948ade96,2020-03-23T20:00:00Z,521,3258,321475,306904,306904,,84,760,46456,10679,57135
20200322,56,36334,213435,2842,2155,2498,,,,,,f9f9547ba56d1fdaf09293fe94340089aa9f7ddb,2020-03-22T20:00:00Z,437,2498,252611,249769,249769,,131,534,35635,8967,44602
20200321,56,27367,177800,3468,1436,1964,,,,,,c34acb542c82b81dbdafd4f782f75d7a55b9a231,2020-03-21T20:00:00Z,306,1964,208635,205167,205167,,53,1964,38221,6533,44754
20200320,56,20834,139579,3330,1042,,,,,,,84dc6b150684c8a46adf3008417c6a78fb00f869,2020-03-20T20:00:00Z,253,,163743,160413,160413,,64,0,30384,5771,36155
20200319,56,15063,109195,3016,617,,,,,,,93e2b6dedbef9d13e275e6960b618a9c8fdd997c,2020-03-19T20:00:00Z,189,,127274,124258,124258,,44,0,23202,4198,27400
20200318,56,10865,85993,2526,416,,,,,,,62a31c6884b564a212840cb121ba4210ca52dfd0,2020-03-18T20:00:00Z,145,,99384,96858,96858,,25,0,22062,2611,24673
20200317,56,8254,63931,1687,325,,,,,,,d7e33a8c1af9d032844eaee824b186f3eaeeec7a,2020-03-17T20:00:00Z,120,,73872,72185,72185,,22,0,13451,2123,15574
20200316,56,6131,50480,1691,,,,,,,,c364d4c50ee31c20b0234cc3405b1a24d79276ee,2020-03-16T20:00:00Z,98,,58302,56611,56611,,21,0,16374,1289,17663
20200315,51,4842,34106,2242,,,,,,,,93a68ba2e03d1ae9eb72d04bd283b6f2f809f4d2,2020-03-15T20:00:00Z,77,,41190,38948,38948,,14,0,6574,1101,7675
20200314,51,3741,27532,1236,,,,,,,,1b5a5a3fc4e8c8e191c11ec7bf0d4c16730aab30,2020-03-14T20:00:00Z,63,,32509,31273,31273,,8,0,3763,737,4500
20200313,51,3004,23769,1130,,,,,,,,91004c3d7f5a6d7a1f871125609aabfdd2073a1f,2020-03-13T20:00:00Z,55,,27903,26773,26773,,4,0,8194,862,9056
20200312,51,2142,15575,673,,,,,,,,e0943e8afd1b311a942133df91b2010ac41044a8,2020-03-12T20:00:00Z,51,,18390,17717,17717,,8,0,4667,470,5137
20200311,50,1672,10908,563,,,,,,,,a0b4013a889198b1d7287d1403749db68c32f6dc,2020-03-11T20:00:00Z,43,,13143,12580,12580,,6,0,3356,392,3748
20200310,50,1280,7552,469,,,,,,,,db1e3581ccf1eb81ef7408d61f194cd9e2ab1911,2020-03-10T20:00:00Z,37,,9301,8832,8832,,2,0,2145,267,2412
20200309,50,1013,5407,313,,,,,,,,ba24dbcbb560145de4f2aa056f127ea0755a2643,2020-03-09T20:00:00Z,35,,6733,6420,6420,,4,0,1504,292,1796
20200308,50,721,3903,347,,,,,,,,e4b9bea802a7daa13285f181d4296bc1491fa0d7,2020-03-08T20:00:00Z,31,,4971,4624,4624,,4,0,688,183,871
20200307,50,538,3215,602,,,,,,,,7e17c8f7fc818e32a05c5783f13bbb27b61c3966,2020-03-07T21:00:00Z,27,,4355,3753,3753,,1,0,619,151,770
20200306,36,387,2596,458,,,,,,,,f08bb4a7c21c799cc8827b629a1cb28a5184d5fa,2020-03-06T21:00:00Z,26,,3441,2983,2983,,6,0,683,112,795
20200305,24,275,1913,197,,,,,,,,9a418a2d5840d72d97a6bbb4486b9f0b14d21709,2020-03-05T21:00:00Z,20,,2385,2188,2188,,4,0,523,68,591
20200304,15,207,1390,103,,,,,,,,6fc995ed3259e0c2cad7e046bbbf274bf6960771,2020-03-04T21:00:00Z,16,,1700,1597,1597,,2,0,957,113,1070
20200303,3,94,433,,,,,,,,,e41c31aa1f8455a37dd739641ea9a45679fcc691,2020-03-03T21:00:00Z,14,,527,527,527,,3,0,204,41,245
20200302,3,53,229,,,,,,,,,ccb9f5a0e48895a5fc028393aa4335cb9b675a78,2020-03-02T21:00:00Z,11,,282,282,282,,3,0,148,13,161
20200301,3,40,81,,,,,,,,,7c08a921f79dc336c5fae71e055e3796ff0ed585,2020-03-01T21:00:00Z,8,,121,121,121,,3,0,58,22,80
20200229,1,18,23,,,,,,,,,767a2ebbc6868d871d9f9f27e4cec56f4933b0a0,2020-02-29T21:00:00Z,5,,41,41,41,,1,0,23,9,32
20200228,1,9,,,,,,,,,,7de1cbe8b7b0a50a3afdd4b9c4d69ff78318681e,2020-02-28T21:00:00Z,4,,9,9,9,,2,0,0,7,7
20200227,1,2,,,,,,,,,,a805cea4ab45c022f6b00d6076f20d4e77583783,2020-02-27T21:00:00Z,2,,2,2,2,,0,0,0,0,0
20200226,1,2,,,,,,,,,,837d19c7fcf582a8220fa348e8d85fd3f7811012,2020-02-26T21:00:00Z,2,,2,2,2,,2,0,0,0,0
20200225,1,2,,,,,,,,,,578b3152c51f04daa4ee6ea3506caa775b5f1f76,2020-02-25T21:00:00Z,,,2,2,2,,0,0,0,0,0
20200224,1,2,,,,,,,,,,3a27dd08c3d0828107dd98ad135a53f0b4f08666,2020-02-24T21:00:00Z,,,2,2,2,,0,0,0,0,0
20200223,1,2,,,,,,,,,,1bdeb1e3884a10e62b93bbccfc90f03a6cc13576,2020-02-23T21:00:00Z,,,2,2,2,,0,0,0,0,0
20200222,1,2,,,,,,,,,,df77ad25e996d3edeef4143c0034e41bb90ff8d7,2020-02-22T21:00:00Z,,,2,2,2,,0,0,0,0,0
20200221,1,2,,,,,,,,,,39ea15cf24b8e78f2ddb174c892479a842800926,2020-02-21T21:00:00Z,,,2,2,2,,0,0,0,0,0
20200220,1,2,,,,,,,,,,b548a7aae5afe902cf1ab97ebfd580bf19e38521,2020-02-20T21:00:00Z,,,2,2,2,,0,0,0,0,0
20200219,1,2,,,,,,,,,,25c62be2c01dba1116589405c3d4a7898c750721,2020-02-19T21:00:00Z,,,2,2,2,,0,0,0,0,0
20200218,1,2,,,,,,,,,,5878af2ae84856bcfb78f8b8b4b70fadb7dc0a47,2020-02-18T21:00:00Z,,,2,2,2,,0,0,0,0,0
20200217,1,2,,,,,,,,,,da75d8f0f88d970e35dd293431ef673f2af1438c,2020-02-17T21:00:00Z,,,2,2,2,,0,0,0,0,0
20200216,1,2,,,,,,,,,,9e17f5b8ee9645a9111cb8db49a7bd758dd0bc73,2020-02-16T21:00:00Z,,,2,2,2,,0,0,0,0,0
20200215,1,2,,,,,,,,,,e336ba8654b9c45fe6771c2f4d4e40d8b61f2f2b,2020-02-15T21:00:00Z,,,2,2,2,,0,0,0,0,0
20200214,1,2,,,,,,,,,,262efe18f989824eb72a8372c9b2c9c9da327057,2020-02-14T21:00:00Z,,,2,2,2,,0,0,0,0,0
20200213,1,2,,,,,,,,,,11c38a2f6a1800231250f1131b0ff6fa04c7192e,2020-02-13T21:00:00Z,,,2,2,2,,0,0,0,0,0
20200212,1,2,,,,,,,,,,7027cacbbb65cf28fd2a691e18fa266ae320101a,2020-02-12T21:00:00Z,,,2,2,2,,0,0,0,0,0
20200211,1,2,,,,,,,,,,ed44edfeeb97f3a0e0ed58969a9307e7f6ed86e1,2020-02-11T21:00:00Z,,,2,2,2,,0,0,0,0,0
20200210,1,2,,,,,,,,,,369de9a0d6f4da00c4a18501f32de48f93ef60b1,2020-02-10T21:00:00Z,,,2,2,2,,0,0,0,0,0
20200209,1,2,,,,,,,,,,411bb85c192f54f7a44df3e8f6693c20999126b9,2020-02-09T21:00:00Z,,,2,2,2,,0,0,0,0,0
20200208,1,2,,,,,,,,,,e80ee5933ca22c0361b63abc50662a42c00b1717,2020-02-08T21:00:00Z,,,2,2,2,,0,0,0,0,0
20200207,1,2,,,,,,,,,,c4f14d68a8e24875a03a3be45b06abd1852a583e,2020-02-07T21:00:00Z,,,2,2,2,,0,0,0,1,1
20200206,1,1,,,,,,,,,,836f913fb08c69692a025e280a4c684a80b1796f,2020-02-06T21:00:00Z,,,1,1,1,,0,0,0,0,0
20200205,1,1,,,,,,,,,,bacb23252fc23eed150dae0934012fc6e22187d1,2020-02-05T21:00:00Z,,,1,1,1,,0,0,0,0,0
20200204,1,1,,,,,,,,,,48d61649a3db06c47783fe643e0acdb8a15b6c12,2020-02-04T21:00:00Z,,,1,1,1,,0,0,0,0,0
20200203,1,1,,,,,,,,,,e887293476f594e90ba32c385d22b3bced9aa063,2020-02-03T21:00:00Z,,,1,1,1,,0,0,0,0,0
20200202,1,1,,,,,,,,,,fb99aa8a412d538f5f51e2254b63d201baaf0921,2020-02-02T21:00:00Z,,,1,1,1,,0,0,0,0,0
20200201,1,1,,,,,,,,,,58e13ca4e44e7210254e7b96070cb33fc65d5300,2020-02-01T21:00:00Z,,,1,1,1,,0,0,0,0,0
20200131,1,1,,,,,,,,,,758f70010ae20a79a7ddf5af353e641b1a2f2846,2020-01-31T21:00:00Z,,,1,1,1,,0,0,0,0,0
20200130,1,1,,,,,,,,,,29b71efffebda97166780afdbdf9064209ef97c6,2020-01-30T21:00:00Z,,,1,1,1,,0,0,0,0,0
20200129,1,1,,,,,,,,,,060141ee6f965eee9e5e2f41a97477320c32ea4d,2020-01-29T21:00:00Z,,,1,1,1,,0,0,0,0,0
20200128,1,1,,,,,,,,,,f74719df84c05599172392056e21bda7fb118903,2020-01-28T21:00:00Z,,,1,1,1,,0,0,0,0,0
20200127,1,1,,,,,,,,,,0fa4d692fb4012d0200fdd2dc51428578e613855,2020-01-27T21:00:00Z,,,1,1,1,,0,0,0,0,0
20200126,1,1,,,,,,,,,,49d7f7395cd6355c1cfd73e8f987b880a23b0806,2020-01-26T21:00:00Z,,,1,1,1,,0,0,0,0,0
20200125,1,1,,,,,,,,,,3397c4f4ae5bca7147c616b98530b573a34d53fe,2020-01-25T21:00:00Z,,,1,1,1,,0,0,0,0,0
20200124,1,1,,,,,,,,,,df62af08ca19261e649a2956caaa742afa10fba4,2020-01-24T21:00:00Z,,,1,1,1,,0,0,0,0,0
20200123,1,1,,,,,,,,,,990a02f183bd45edc0cc64e2e9cee81ade44e1d5,2020-01-23T21:00:00Z,,,1,1,1,,0,0,0,0,0
20200122,1,1,,,,,,,,,,6f126ac272c96ac177c9e7a012c1ad72635ef468,2020-01-22T21:00:00Z,,,1,1,1,,,,,,